1400
0.008
20
2.8
10
200
19
461000
585
0.005
23600
23300
82300
282000
1050
350
145
3.5
20900
41500
22
5650
120
102
950
56300
25
84
60
70
19
1.5
1.8
0.05
2.4
1*10^(-4)
90
370
33
165
20
1.2
~3*10^(-9)
0.001
0.001
0.0015
0.075
0.159
0.25
2.3
0.2
0.001
0.45
3*10^(-5)
3
425
39
66.5
9.2
41.5
2*10^(-19)
7.05
2
6.2
1.2
5.2
1.3
3.5
0.52
3.2
0.8
3
2
1.3
7*10^(-4)
0.002
0.001
0.005
0.004
0.085
14
14
0.009
2*10^(-10)
3*10^(-20)
4*10^(-13)
~1*10
9*10^(-7)
5.5*10^(-10)
9.6
1.4*10^(-6)
2.7
<=3*10^(-12)
<=3*10^(-11)
--
--
--
--
--
--
--
--
--
--
--
--
--
--
--
--
--
--
--
--
--
--
--
--