1.008
4.003
6.941
9.012
10.811
12.011
14.007
15.999
18.998
20.180
22.990
24.305
26.982
28.086
30.974
32.065
35.453
39.948
39.098
40.078
44.956
47.867
50.942
51.996
54.938
55.845
58.993
58.693
63.546
65.390
69.723
72.640
74.992
78.960
79.904
83.800
85.468
87.620
88.906
91.224
92.906
95.940
98.000
101.070
102.906
106.420
107.868
112.411
114.818
118.710
121.760
127.600
126.905
131.293
132.906
137.327
138.906
140.116
140.908
144.240
145.000
150.360
151.964
157.25
158.925
162.500
164.930
167.259
168.934
173.040
174.967
178.490
180.948
183.840
186.207
190.230
192.217
195.078
196.967
200.590
204.383
207.200
208.980
209.000
210.000
222.000
223.000
226.000
227.000
232.038
231.036
238.029
237.000
244.000
243.000
247.000
247.000
251.000
252.000
257.000
258.000
259.000
262.000
261.000
262.000
266.000
264.000
277.000
278.000
281.000
282.000
285.000
286.000
289.000
290.000
293.000
294.000
294.000