-253
-269
1,347
2,970
2,550
4,827
-196
-183
-188
-246
883
1,090
2,467
2,355
280
445
-35
-186
774
1,484
2,832
3,287
3,380
2,672
1,962
2,750
2,870
2,732
2,567
907
2,403
2,830
613
685
59
-153
688
1,384
3,337
4,377
4,927
4,612
4,877
3,900
3,727
2,927
2,212
765
2,000
2,270
1,750
990
184
-108
678
1,140
3,469
3,257
3,127
3,127
3,000
1,900
1,597
3,233
3,041
2,562
2,720
2,510
1,727
1,466
3,315
5,400
5,425
5,660
5,627
5,027
4,527
3,827
2,807
357
1,457
1,740
1,560
962
337
-62
677
1,737
3,200
4,790
--
3,818
3,902
3,235
2,607
--
--
--
--
--
--
--
--
--
--
--
--
--
--
--
--
--
--
--
--
--
--
--