0.09
0.18
0.53
1.85
2.34
2.26
1.25
1.43
1.70
0.90
0.97
1.74
2.70
2.33
1.82
2.07
3.21
1.78
0.86
1.55
2.99
4.54
6.11
7.19
7.43
7.87
8.90
8.90
8.96
7.13
5.91
5.32
5.72
4.79
3.12
3.75
1.63
2.54
4.47
6.51
8.57
10.22
11.50
12.37
12.41
12.02
10.50
8.65
7.31
7.31
6.68
6.24
4.93
5.90
1.87
3.59
6.15
6.77
6.77
7.01
7.30
7.52
5.24
7.90
8.23
8.55
8.80
9.07
9.32
6.90
9.84
13.31
16.65
19.35
21.04
22.60
22.40
21.45
19.32
13.55
11.85
11.35
9.75
9.30
--
9.73
0.00
5.50
10.07
11.72
15.40
18.95
20.20
19.84
13.67
13.50
14.78
15.10
--
--
--
--
--
--
--
--
--
--
--
--
--
--
--
--
--
--
--
--