0.754195
-0.5
0.618049
-0.5
0.279723
1.2621226
-0.07
1.4611136
3.4011898
-1.2
0.547926
-0.4
0.43283
1.3895212
0.746607
2.0771042
3.612724
-1.0
0.501459
0.02455
0.188
0.07554
0.52766
0.67584
-0.5
0.153236
0.66226
1.15716
1.23578
-0.6
0.43
1.2326764
0.8048
2.020047
3.363588
-1.0
0.485916
0.05206
0.307
0.43328
0.91740
0.7473
0.55
1.04638
1.14289
0.56214
1.30447
-0.7
0.38392
1.112070
1.047401
1.970875
3.0590465
-0.8
0.471630
0.14462
0.55
0.57
0.962
1.916
0.129
0.162
0.116
0.137
1.165
0.352
0.338
0.312
1.029
-0.02
0.2388
0.1780
0.323
0.81626
0.060396
1.07780
1.56436
2.12510
2.308610
-0.5
0.377
0.356721
0.942362
1.40
2.42
-0.7
0.486
0.10
0.35
1.17
0.55
0.53
0.48
-0.50
0.10
0.28
-1.72
-1.01
-0.30
0.35
0.98
-2.33
-0.31
--
--
--
--
--
--
--
1.565
--
0.69
--
0.366
0.776
1.719
0.056