-259
-272
180
1,278
2,300
3,500
-210
-218
-220
-249
98
639
660
1,410
44
113
-101
-189
64
839
1,539
1,660
1,890
1,857
1,245
1,535
1,495
1,453
1,083
420
30
937
81
217
-7
-157
39
769
1,523
1,852
2,468
2,617
2,200
2,250
1,966
1,552
962
321
157
232
630
449
114
-112
29
725
920
795
935
1,010
1,100
1,072
822
1,311
1,360
1,412
1,470
1,522
1,545
824
1,656
2,150
2,996
3,410
3,180
3,045
2,410
1,772
1,064
-39
303
327
271
254
302
-71
27
700
1,050
1,750
1,568
1,132
640
640
994
1,340
986
900
860
1,527
--
827
1,627
--
--
--
--
--
--
--
--
--
--
--
--
--
--
--